MGr   (pp->Gr)(pb)         (pp->Gr jj VBF)(pb)     (pp->Gr jj VH)(pb)
260	  16385.3348964497	   252.28259925976323	     7.976670065680472
300	  8548.448164	         147.8603996784	         4.4790606016000005
350	  4159.118121795919	   80.06000624228572	     2.320536157714286
400	  2165.1956500500005	 46.56074985292501	     1.286634889575
450	  1187.8027683555556	 29.001393226666664	     0.7640867022222222
500	  689.377277376	       18.655939878336	       0.483806139264
550	  413.68334673719	     12.090614608740495	     0.3148232044165289
600	  262.1185741	         8.320933525000001	     0.20800500200000002
650	  166.8234106224852	   5.790948414816568	     0.14355037618934913
700	  109.54974012244898	 4.070914684699592	     0.10038161774938775
750	  72.926729728	       2.9696875895808006	     0.0711167048192
800	  50.033142523125	     2.10669919399125	       0.051581903321250004
850	  34.57556169134947	   1.5810982993494804	     0.03859189635986158
900	  24.395358626666663	 1.1951137481155554	     0.028533292328888887
950	  17.188797596011074	 0.8891095138863153	     0.021704835853296387
1000	12.469562485199999	 0.6784977649752	       0.0166672735848
1050	8.989101920000001	   0.5187243959608164	     0.012756793916734694
1100	6.6140979024793385	 0.3950054484902479	     0.009949296594049585
1150	4.899068754328923	   0.30750251466011347	   0.007732534552741021
1200	3.67015878	         0.24102689623499998	   0.00616973934
1250	2.7305051901695996	 0.18570686578559997	   0.004807643961599999
1300	2.0503580832426036	 0.1488064947742012	     0.0037962418814201184
1350	1.5380830613333325	 0.11719328295308637	   0.003038092177777776
1400	1.1873456707959185	 0.09360413690142858	   0.0024202786904081635
1450	0.9069670984066587	 0.0758173758362711	     0.0019894000552865636
1500	0.7066185156800001	 0.059745420479680005	   0.00158935771232
